Q1=[117.59
    113.55
    109.43
    104.51
    99.24
    132.43
    128.74
    125.06
    120.84
    116.28
    111.27
    106.09
    100.3
    94.33
    142.35
    139.02
    135.5
    131.38
    126.9
    122.16
    116.89
    111.53
    105.92
    100.12
    93.62
    151.83
    148.85
    145.43
    141.39
    137.08
    132.34
    127.51
    121.89
    116.36
    110.66
    104.6
    98.36
    91.69
    158.51
    155.08
    151.66
    147.36
    142.62
    137.61
    132.43
    126.46
    120.58
    114.87
    108.64
    102.14
    95.73
    165.18
    161.58
    157.54
    152.89
    147.62
    142.26
    136.73
    130.5
    124.27
    118.12
    111.71
    105.13
    98.8
    171.68
    167.9
    163.69
    158.42
    153.06
    146.83
    141.12
    134.19
    127.51
    120.84
    114.34
    107.76
    101.17
    181.86
    178.44
    174.4
    169.66
    164.21
    157.89
    151.57
    144.9
    137.61
    130.32
    123.3
    116.45
    109.6
    102.75
    95.91
    189.15
    185.73
    181.25
    176.24
    170.01
    163.16
    155.96
    148.67
    140.68
    132.96
    125.23
    117.94
    110.74
    103.81
    96.87
    197.14
    193.54
    188.89
    183.18
    176.42
    168.87
    160.61
    152.45
    143.41
    134.98
    126.81
    118.73
    111.45
    104.25
    97.31
    206.1
    202.5
    197.49
    190.82
    183.53
    174.93
    165.62
    156.14
    145.95
    136.38
    127.6
    119.35
    111.53
    104.16
    97.14
    215.93
    212.59
    207.59
    200.39
    191.43
    181.51
    170.36
    159.3
    147.88
    137.44
    127.87
    119
    110.74
    103.28
    96.17
    225.41
    219.97
    175.72
    162.63
    149.38
    109.78
    101.79];

%%
Q2=[88.4
    82.78
    78.04
    73.3
    69.43
    92.88
    86.73
    81.2
    75.67
    71.02
    66.36
    62.32
    58.55
    55.21
    93.4
    86.82
    80.94
    75.05
    69.79
    64.96
    60.13
    55.74
    51.87
    48.45
    45.29
    95.07
    88.4
    82.08
    76.02
    70.31
    64.87
    59.86
    54.51
    50.03
    45.73
    41.95
    38.7
    35.81
    90.86
    84.36
    78.04
    71.98
    65.84
    60.13
    54.86
    49.5
    44.32
    39.93
    35.72
    32.3
    29.22
    88.05
    81.38
    74.79
    68.47
    62.15
    56.09
    50.47
    44.5
    39.23
    34.49
    29.84
    25.71
    22.55
    85.5
    78.74
    72.16
    65.66
    58.99
    52.4
    46.26
    39.85
    33.88
    28.52
    23.69
    19.48
    15.96
    90.86
    83.83
    76.9
    70.05
    63.2
    55.91
    48.98
    42.3
    35.19
    28.7
    22.81
    17.72
    13.24
    9.38
    5.96
    89.63
    82.69
    75.58
    68.38
    61.01
    53.28
    45.73
    38.35
    30.63
    23.43
    16.75
    11.05
    5.96
    1.92
    -1.33
    89.37
    82.25
    74.79
    67.24
    59.51
    51.17
    -7.34
    34.67
    25.8
    17.72
    10.7
    3.85
    -1.42
    -5.72
    -9.06
    89.54
    82.43
    74.88
    66.45
    58.37
    49.33
    40.2
    30.89
    20.97
    11.57
    3.23
    -3.88
    -9.85
    -14.24
    -17.66
    90.51
    83.04
    75.23
    66.98
    57.93
    48.28
    37.83
    27.2
    15.61
    4.81
    -5.11
    -13.36
    -19.95
    -24.34
    -27.23
    84.54
    76.46
    35.81
    23.52
    9.73
    -32.24
    -36.45];