%%%%%%%%%%%%%%%
% Real Postition of EE for given coordinates (without noise)
% L0=400+5 (mm)
% L1=300-3 (mm)
% L1=300-4 (mm)
% L2=550+10 (mm)
% L3=550+8 (mm)
% Dq1=-2 (deg)
% Dq2=1 (deg)
%
% Xm=Xr+ 2*randn---> var=2;
%%
Xm=[ -276.5744
     -223.5245
     -182.3706
     -134.0725
      -86.4069
     -374.8572
     -326.3587
     -280.4135
     -227.9475
     -185.2697
     -134.1169
      -86.5830
      -37.8318
       10.8910
     -431.8913
     -383.3509
     -335.6851
     -282.0108
     -231.8697
     -183.0752
     -131.4564
      -79.1853
      -29.4082
       22.3116
       65.2206
     -484.4256
     -434.0424
     -385.7907
     -333.2499
     -284.5760
     -233.2058
     -186.7610
     -127.2963
      -74.4102
      -24.9991
       23.9510
       76.4063
      120.7317
     -487.6398
     -441.7599
     -388.3227
     -341.4049
     -285.3295
     -232.1740
     -182.6235
     -126.3196
      -74.2273
      -17.9761
       30.4718
       80.1200
      131.1680
     -496.0732
     -445.2697
     -390.6998
     -342.3495
     -283.6714
     -231.8612
     -182.3194
     -121.4225
      -70.6040
      -17.0832
       38.1268
       86.0687
      134.5279
     -500.9972
     -445.2214
     -396.4345
     -342.6755
     -288.4075
     -231.7130
     -176.5996
     -119.0665
      -64.9094
       -9.1986
       43.2585
       94.6966
      142.9524
     -553.3809
     -500.5133
     -448.6375
     -395.3685
     -345.2468
     -288.0193
     -231.0211
     -175.4447
     -121.7399
      -60.0384
       -2.5771
       47.1554
       94.4533
      149.9901
      198.6769
     -554.3649
     -505.0867
     -452.3428
     -400.3337
     -344.9307
     -288.5945
     -230.8739
     -172.6935
     -112.2738
      -52.7295
        0.7298
       52.2130
      105.2234
      152.8267
      206.4478
     -554.4122
     -509.6847
     -453.9855
     -401.4466
     -347.9277
     -285.5464
     -117.3913
     -171.8252
     -110.6226
      -53.1706
        5.1150
       64.4517
      111.4996
      163.2333
      211.2091
     -558.3473
     -510.1865
     -462.1729
     -406.2421
     -353.1941
     -289.5975
     -230.9224
     -172.1709
     -107.3535
      -47.3286
       13.4268
       68.4911
      117.5909
      167.9377
      221.1519
     -562.8438
     -509.2442
     -462.5952
     -412.5613
     -349.3635
     -292.3817
     -229.9165
     -164.0265
      -99.4544
      -40.7161
       17.0913
       70.5343
      126.2351
      177.1203
      227.6037
     -515.6408
     -465.4929
     -231.2472
     -166.1803
      -95.8050
      130.4386
      179.9166];
  %%
Ym=[  875.8373
      880.8878
      883.0609
      884.2413
      885.4434
      828.8983
      833.4853
      839.2570
      841.2035
      842.8386
      845.4845
      845.3225
      844.9346
      848.8267
      782.7011
      790.7394
      792.4120
      794.8330
      798.8766
      800.3910
      803.9569
      801.4916
      802.9200
      807.2589
      805.5125
      733.4944
      735.5125
      747.1649
      747.2002
      750.1399
      755.7124
      758.7728
      757.5473
      759.5644
      760.0837
      763.1521
      762.8471
      757.6842
      685.4086
      694.5850
      695.0993
      707.3628
      709.7767
      712.2379
      713.3608
      717.4037
      714.8381
      717.6632
      714.5414
      718.3557
      715.4005
      639.1521
      643.8412
      653.1688
      657.5033
      661.9523
      667.8479
      670.5323
      671.7998
      673.9256
      671.9431
      669.4148
      669.1100
      664.2871
      593.6962
      599.1031
      603.1308
      613.6475
      621.5052
      625.7918
      623.9219
      623.6523
      628.6702
      624.4169
      621.6620
      623.8560
      618.5464
      538.9286
      547.7052
      553.9938
      558.2885
      566.9831
      574.7390
      577.1626
      576.2685
      581.9549
      581.8866
      581.8473
      578.2492
      574.7605
      573.7305
      568.9573
      488.4654
      496.9249
      507.6319
      517.8987
      520.4313
      528.4815
      532.1603
      536.5443
      538.8594
      532.6804
      529.1112
      531.0687
      528.6065
      525.6094
      525.8036
      443.6359
      445.5006
      454.2312
      465.9748
      470.7591
      479.3464
      186.3440
      486.6067
      488.5222
      486.4871
      483.6474
      481.6677
      478.6997
      477.3020
      469.9655
      389.8555
      402.0743
      400.8971
      418.7334
      428.3361
      432.4828
      442.7192
      441.3097
      443.5721
      439.6374
      436.5257
      428.5013
      425.5155
      423.2336
      419.9814
      332.1893
      339.4755
      353.6047
      363.0804
      374.1070
      385.3481
      394.0050
      396.1046
      397.9641
      391.1097
      385.6847
      373.3828
      370.3517
      369.5863
      368.9113
      283.3200
      294.7177
      347.3918
      353.2680
      351.0431
      314.9612
      308.9574];