Xm=[-25
    -20
    -15.2
    -10
    -5
    -35
    -30
    -25
    -20
    -15.2
    -10
    -5
    0
    5
    -40
    -35
    -30
    -25
    -20
    -15.2
    -10
    -5
    0
    5
    10
    -45
    -40
    -35
    -30
    -25
    -20
    -15.2
    -10
    -5
    0
    5
    10
    15
    -45
    -40
    -35
    -30
    -25
    -20
    -15.2
    -10
    -5
    0
    5
    10
    15
    -45
    -40
    -35
    -30
    -25
    -20
    -15.2
    -10
    -5
    0
    5
    10
    15
    -45
    -40
    -35
    -30
    -25
    -20
    -15.2
    -10
    -5
    0
    5
    10
    15
    -50
    -45
    -40
    -35
    -30
    -25
    -20
    -15.2
    -10
    -5
    0
    5
    10
    15
    20
    -50
    -45
    -40
    -35
    -30
    -25
    -20
    -15.2
    -10
    -5
    0
    5
    10
    15
    20
    -50
    -45
    -40
    -35
    -30
    -25
    -20
    -15.2
    -10
    -5
    0
    5
    10
    15
    20
    -50
    -45
    -40
    -35
    -30
    -25
    -20
    -15.2
    -10
    -5
    0
    5
    10
    15
    20
    -50
    -45
    -40
    -35
    -30
    -25
    -20
    -15.2
    -10
    -5
    0
    5
    10
    15
    20
    -45
    -40
    -20
    -15.2
    -10
    10
    15];

Ym=[85
    85
    85
    85
    85
    80
    80
    80
    80
    80
    80
    80
    80
    80
    75
    75
    75
    75
    75
    75
    75
    75
    75
    75
    75
    70
    70
    70
    70
    70
    70
    70
    70
    70
    70
    70
    70
    70
    65
    65
    65
    65
    65
    65
    65
    65
    65
    65
    65
    65
    65
    60
    60
    60
    60
    60
    60
    60
    60
    60
    60
    60
    60
    60
    55
    55
    55
    55
    55
    55
    55
    55
    55
    55
    55
    55
    55
    50
    50
    50
    50
    50
    50
    50
    50
    50
    50
    50
    50
    50
    50
    50
    45
    45
    45
    45
    45
    45
    45
    45
    45
    45
    45
    45
    45
    45
    45
    40
    40
    40
    40
    40
    40
    40
    40
    40
    40
    40
    40
    40
    40
    40
    35
    35
    35
    35
    35
    35
    35
    35
    35
    35
    35
    35
    35
    35
    35
    30
    30
    30
    30
    30
    30
    30
    30
    30
    30
    30
    30
    30
    30
    30
    25
    25
    25
    25
    25
    25
    25];


Xm=Xm*10;
Ym=Ym*10;