%%%%%%%%%%%%%%%
% Real Postition of EE for given coordinates (without noise)
% L0=400+5 (mm)
% L1=300-3 (mm)
% L1=300-4 (mm)
% L2=550+10 (mm)
% L3=550+8 (mm)
% Dq1=-2 (deg)
% Dq2=1 (deg)
%
% Xm=Xr+ 10*randn---> var=10;
%%
Xm=[ -270.8479
     -231.7596
     -177.5332
     -115.7044
      -83.2681
     -375.8718
     -345.2533
     -272.6215
     -215.2609
     -171.8319
     -143.5910
      -72.6104
      -25.4471
        2.6761
     -434.7986
     -362.9543
     -321.6594
     -297.5946
     -232.7762
     -148.3147
     -129.4906
      -93.9262
      -47.3214
        7.6413
       68.6792
     -491.5631
     -439.4668
     -386.3576
     -337.8965
     -252.6245
     -229.8992
     -206.5849
     -118.1751
      -78.4152
      -27.5748
       28.8713
       92.8046
      125.3670
     -485.7942
     -455.1711
     -398.4873
     -347.0986
     -275.7161
     -227.5853
     -188.6327
     -133.6235
      -86.5643
      -30.6039
       38.6903
       89.9941
      129.0815
     -506.6267
     -439.5525
     -381.7995
     -341.7632
     -295.7646
     -219.8366
     -197.2738
     -128.1423
      -83.8183
       -1.9798
       48.4619
       59.9840
      118.4217
     -496.1006
     -447.1642
     -397.7844
     -319.1470
     -282.9976
     -229.4898
     -187.0667
     -138.6955
      -62.0405
       -9.8919
       33.5358
       99.1650
      149.3387
     -543.1693
     -493.2575
     -437.1674
     -399.9857
     -354.3163
     -274.0059
     -239.9569
     -169.4695
     -104.9567
      -78.5993
       -3.4392
       62.1531
      109.1864
      138.7682
      186.7709
     -536.9378
     -494.9395
     -457.6989
     -413.9292
     -341.4666
     -285.6477
     -242.2769
     -184.7537
     -127.2533
      -54.1939
       -3.5817
       56.2081
       93.8192
      146.2178
      200.7899
     -568.9889
     -521.0449
     -466.5042
     -402.9431
     -349.2513
     -296.9515
     -104.5406
     -166.5998
     -109.8793
      -45.5311
        2.4182
       75.1155
      100.7339
      157.1130
      220.1686
     -554.4875
     -513.6639
     -472.6946
     -387.0515
     -349.0801
     -308.4618
     -232.8080
     -177.1195
     -107.1554
      -35.8777
        2.6487
       57.6637
      112.9774
      172.0138
      235.7797
     -566.2291
     -518.3702
     -448.1106
     -415.2770
     -343.9961
     -289.8737
     -219.1591
     -187.2012
     -114.0381
      -36.9858
       20.9755
       73.6442
      123.7600
      174.9196
      233.9832
     -512.7086
     -468.4139
     -235.8612
     -157.2856
     -103.0141
      142.2010
      194.5194];
  %%
Ym=[  880.0362
      908.3241
      880.2787
      886.1390
      897.8203
      835.5716
      831.8999
      848.7808
      825.5548
      857.5631
      852.3070
      859.1324
      858.0548
      835.6809
      795.4736
      785.6903
      783.2022
      797.0073
      774.9520
      800.8279
      807.0236
      802.3566
      810.7917
      806.5280
      792.1477
      729.0043
      749.9313
      733.8115
      755.9086
      743.9027
      774.9182
      762.7587
      770.0792
      766.4815
      761.7471
      772.0030
      742.5836
      747.0211
      688.5008
      687.4022
      706.2593
      700.1121
      685.2357
      707.7393
      710.5377
      722.1487
      715.9149
      732.7455
      728.4610
      719.0535
      716.1939
      667.4453
      652.7316
      643.3815
      652.7822
      672.8013
      674.4580
      657.5361
      661.1979
      666.6995
      672.6101
      670.0392
      664.2870
      642.9169
      620.0047
      613.8421
      619.7484
      615.8852
      619.6454
      602.4708
      627.7093
      636.9532
      626.1066
      642.9901
      634.7061
      610.1058
      617.0750
      554.8607
      558.6857
      529.8334
      558.2393
      561.2942
      565.6911
      575.3530
      578.0969
      587.7811
      585.3382
      588.5835
      578.7508
      585.8259
      562.6430
      555.1830
      486.9956
      507.7968
      515.0100
      517.9907
      518.6506
      527.7388
      551.6655
      538.6295
      527.6263
      514.1656
      536.8764
      542.9210
      521.3274
      524.3751
      520.7884
      442.7582
      455.4368
      457.4258
      478.6045
      480.6965
      476.8836
      175.9959
      490.9899
      490.9652
      503.5063
      494.0983
      476.7379
      478.7191
      468.2414
      494.8202
      391.7232
      416.3000
      402.5487
      414.5809
      440.6578
      420.7759
      420.8378
      428.9452
      436.2964
      449.9339
      431.8484
      426.4473
      433.7216
      429.1830
      404.1232
      328.6834
      352.9815
      340.2716
      353.6133
      390.7300
      382.3936
      378.4501
      399.4380
      401.1214
      390.5558
      370.9334
      376.7092
      372.5291
      369.3829
      360.8645
      278.2645
      305.6068
      342.1510
      339.0688
      361.6526
      307.2558
      304.0132];