%%%%%%%%%%%%%%%
% Real Postition of EE for given coordinates (without noise)
% L0=400-3 (mm)
% L1=300+6 (mm)
% L1=300+2 (mm)
% L2=550-5 (mm)
% L3=550+5 (mm)
% Dq1=-4 (deg)
% Dq2=-6 (deg)
%
% Xm=Xr+ 2*randn---> var=2;
%%
Xm=[-238.8463
    -187.0983
    -142.8624
    -92.0932
    -41.7260
    -343.3126
    -289.0997
    -240.5383
    -192.7611
    -140.7012
    -87.2316
    -42.5584
    7.2131
    55.8403
    -394.0393
    -343.2519
    -291.1458
    -235.9835
    -191.0024
    -140.2098
    -89.4721
    -34.4202
    14.5702
    60.8500
    113.8946
    -442.4317
    -392.9825
    -345.1041
    -293.4105
    -240.7209
    -190.9073
    -142.1364
    -84.7076
    -31.5700
    12.4275
    69.6208
    112.8917
    158.9194
    -445.1862
    -398.8777
    -347.3844
    -292.9929
    -242.9500
    -189.4464
    -144.5417
    -88.6591
    -33.2804
    14.3867
    67.1372
    115.0221
    162.3957
    -449.8101
    -401.8248
    -350.3965
    -298.2567
    -243.2256
    -193.8180
    -143.1474
    -86.5342
    -38.2909
    15.7368
    67.3491
    119.8561
    166.7633
    -450.7412
    -400.2101
    -350.0915
    -304.4079
    -250.3401
    -194.7079
    -142.9299
    -89.8352
    -35.8913
    16.8861
    67.6985
    118.1060
    168.9454
    -509.5003
    -452.2528
    -404.0096
    -349.5228
    -305.5882
    -250.1169
    -198.9080
    -145.3843
    -87.7058
    -33.5557
    19.5827
    70.6897
    121.3358
    171.0482
    221.1477
    -504.6563
    -456.4547
    -403.2505
    -354.9637
    -303.1075
    -250.1771
    -198.8087
    -143.8846
    -89.6492
    -37.7259
    20.4500
    71.9794
    124.7644
    171.2012
    222.8771
    -509.6911
    -462.2994
    -408.3606
    -354.6135
    -307.5347
    -252.8053
    -126.4322
    -146.4043
    -87.3228
    -34.2043
    21.9830
    71.9214
    127.7529
    174.7887
    224.4621
    -508.3317
    -456.7198
    -413.2753
    -356.2449
    -306.5410
    -246.4107
    -200.7857
    -147.7977
    -90.9505
    -37.3975
    22.1815
    73.7663
    124.7338
    178.3736
    225.4337
    -508.9383
    -458.3520
    -407.8880
    -359.3746
    -306.1933
    -254.7126
    -198.6801
    -143.7351
    -90.6020
    -38.9686
    21.8598
    77.2778
    125.5356
    178.3459
    225.3298
    -457.9852
    -408.0138
    -202.5432
    -147.4655
    -92.5250
    126.3078
    177.6065];
  %%
Ym=[  870.0791
      870.9864
      867.3520
      867.1378
      866.4988
      822.1025
      824.2404
      822.8631
      825.3948
      825.0671
      825.5527
      823.6593
      823.3365
      819.1846
      774.9865
      775.4066
      776.4192
      774.6700
      775.3264
      780.1743
      776.0692
      773.5816
      778.1127
      771.0535
      770.6622
      726.1226
      726.8987
      728.5664
      729.5027
      730.0413
      729.5629
      731.9736
      726.4661
      731.4681
      728.8590
      728.5888
      722.9271
      718.4199
      675.4464
      672.2044
      677.7133
      675.3434
      680.4798
      679.2508
      680.0170
      682.5730
      680.3149
      683.2531
      675.7349
      676.5039
      672.1770
      624.7520
      623.4980
      630.0287
      628.2980
      631.6866
      636.4898
      631.4130
      633.8471
      634.9946
      633.2718
      630.1341
      624.8663
      625.0804
      572.1142
      576.5324
      577.9659
      580.4922
      577.9857
      581.9075
      579.2163
      584.0648
      584.5004
      583.7793
      579.1728
      574.9439
      576.8154
      520.8925
      525.0693
      526.3792
      527.4576
      529.8685
      535.7760
      532.7528
      534.9761
      534.8528
      534.0477
      532.8672
      530.4709
      532.2465
      527.6977
      528.3285
      472.5818
      474.3023
      475.6934
      481.2202
      485.0598
      485.2265
      485.0905
      481.7351
      487.3688
      484.6461
      483.9534
      482.2011
      480.9601
      478.9971
      476.2875
      423.4094
      424.3052
      422.9451
      425.8012
      431.8270
      430.0453
      102.9116
      432.7786
      438.0483
      435.2857
      436.9497
      430.6646
      431.3896
      428.8770
      423.5298
      367.7523
      373.6545
      371.9581
      374.0305
      379.9188
      379.1131
      386.5507
      384.5690
      387.6893
      388.9005
      386.5571
      383.9615
      376.1437
      381.1660
      377.4766
      312.8867
      316.7839
      316.4124
      322.0649
      327.1300
      327.2234
      328.3157
      335.5019
      334.3591
      337.5353
      334.2102
      330.3990
      327.3447
      327.5858
      324.4954
      255.9189
      260.4130
      279.8369
      287.8497
      289.5941
      270.2065
      269.4745];