%%%%%%%%%%%%%%%
% Real Postition of EE for given coordinates (without noise)
% L0=400+5 (mm)
% L1=300-3 (mm)
% L1=300-4 (mm)
% L2=550+10 (mm)
% L3=550+8 (mm)
% Dq1=-2 (deg)
% Dq2=1 (deg)
%%
Xm=[ -273.5222
     -226.4687
     -182.0984
     -133.2972
      -87.5681
     -376.0656
     -327.8718
     -281.2933
     -231.0119
     -182.9842
     -132.4032
      -84.2919
      -34.9432
       12.0046
     -430.6586
     -381.5682
     -333.8256
     -282.3495
     -231.9762
     -182.2918
     -129.7118
      -78.8993
      -29.5288
       18.2159
       67.4513
     -483.5672
     -435.5975
     -386.3990
     -335.2546
     -284.4625
     -232.9221
     -183.0623
     -127.3730
      -76.3470
      -25.1992
       25.4254
       74.3244
      123.1395
     -488.1105
     -438.5639
     -389.5216
     -338.3428
     -284.8525
     -232.5264
     -181.6432
     -126.3172
      -72.0534
      -22.0586
       30.2107
       80.8542
      129.4295
     -494.5108
     -443.7621
     -391.8830
     -339.5775
     -285.1190
     -231.7837
     -179.9812
     -123.2034
      -69.2413
      -17.4496
       35.8213
       88.4674
      136.4202
     -496.9602
     -446.0032
     -395.1462
     -342.0044
     -287.8740
     -231.4221
     -179.2788
     -120.6587
      -64.5901
      -10.3352
       41.7880
       92.9905
      142.6876
     -551.7773
     -500.8753
     -449.4550
     -397.4617
     -344.3243
     -286.9196
     -231.8440
     -176.9379
     -117.6240
      -60.2277
       -5.4411
       46.9204
       98.5728
      149.4907
      199.7663
     -554.1098
     -504.5248
     -452.7097
     -400.1285
     -345.1723
     -287.5885
     -230.6621
     -174.5288
     -114.3998
      -56.6992
        0.4097
       53.9039
      106.7254
      156.9738
      206.6915
     -558.7282
     -508.6608
     -456.0011
     -402.6356
     -347.8830
     -289.5012
     -116.0027
     -173.1287
     -110.0807
      -51.3072
        4.9357
       61.8745
      113.1132
      163.8875
      212.8556
     -561.6725
     -512.6830
     -460.9592
     -403.8607
     -349.8536
     -290.5280
     -230.9876
     -170.9383
     -106.5516
      -44.9263
       12.4398
       67.0668
      119.8227
      170.2154
      218.8530
     -565.0050
     -514.4782
     -462.7571
     -409.5197
     -352.3724
     -293.0248
     -230.1334
     -167.6073
     -101.2969
      -39.3969
       18.9193
       74.2619
      127.4380
      176.9753
      225.4173
     -515.6337
     -464.3344
     -229.8145
     -164.9758
      -96.0165
      129.8785
      181.6061];
  %%
Ym=[879.9865
      882.3423
      883.8687
      884.7589
      885.8336
      830.2645
      835.3854
      838.5586
      840.8287
      843.7828
      845.3084
      846.4508
      847.1889
      846.7992
      783.6023
      788.2020
      791.8026
      794.9538
      798.3587
      801.3045
      803.2715
      804.1007
      804.8368
      805.0131
      804.7552
      734.7658
      739.4735
      743.7036
      748.3977
      752.1415
      755.7185
      758.2732
      759.6740
      761.1804
      760.9640
      761.1868
      761.1836
      760.4927
      688.1857
      694.5376
      697.5086
      702.7197
      706.4841
      709.8563
      712.7774
      715.8384
      715.7559
      715.6887
      715.1787
      716.2128
      715.1640
      641.4786
      647.6058
      652.4969
      657.9835
      663.2941
      666.5323
      669.4029
      670.7160
      672.0518
      672.4470
      670.8048
      668.9018
      668.1406
      594.7153
      600.7453
      605.7324
      613.5323
      617.1966
      622.5177
      623.4499
      626.1585
      626.0727
      625.6896
      623.9249
      622.3822
      621.1091
      540.4453
      547.5818
      554.0737
      560.6156
      567.2632
      573.0961
      576.5554
      579.8253
      580.5252
      580.8855
      579.5496
      578.4188
      576.9834
      575.0860
      571.4294
      491.5412
      498.5157
      506.6657
      512.7916
      521.0846
      526.9993
      531.7829
      534.3580
      535.4616
      534.2795
      532.3471
      530.1395
      526.9055
      524.6290
      522.6276
      441.1348
      449.0287
      456.8414
      465.1439
      473.9529
      479.9258
      183.6278
      488.7950
      489.1764
      487.0698
      486.2597
      481.4425
      478.0806
      475.4593
      472.9082
      387.8225
      396.3613
      406.0699
      416.0870
      424.9370
      431.9637
      438.5553
      441.8937
      442.9115
      440.0584
      435.4996
      431.2083
      426.5923
      424.1123
      420.8819
      334.0865
      342.1248
      351.4774
      364.1445
      376.6367
      385.9538
      394.0744
      398.0444
      396.4328
      391.5992
      383.8572
      377.4799
      371.7075
      368.9779
      367.6696
      281.7496
      294.2596
      348.1972
      352.6597
      349.4978
      312.1259
      310.2188];