%%%%%%%%%%%%%%%
% Real Postition of EE for given coordinates (without noise)
% L0=400-3 (mm)
% L1=300+6 (mm)
% L1=300+2 (mm)
% L2=550-5 (mm)
% L3=550+5 (mm)
% Dq1=-4 (deg)
% Dq2=-6 (deg)
%
%%
Xm=[  -238.8651
     -188.9992
     -142.7653
      -92.4347
      -45.6133
     -340.7557
     -289.8680
     -241.5027
     -189.9519
     -141.1804
      -90.0267
      -41.4799
        8.3278
       55.8112
     -393.3084
     -341.9319
     -292.8803
     -240.6663
     -190.0188
     -140.2968
      -87.8035
      -37.1060
       12.2450
       60.1213
      109.7401
     -444.9094
     -394.9306
     -344.6582
     -293.1339
     -242.4353
     -191.2984
     -141.9952
      -87.0170
      -36.5584
       14.0922
       64.4911
      113.4613
      162.6673
     -446.4768
     -395.9983
     -346.7055
     -295.9041
     -243.2367
     -191.9807
     -142.2409
      -88.1101
      -35.0240
       14.1025
       65.7374
      116.2612
      164.9401
     -450.9569
     -399.9474
     -348.5260
     -297.2577
     -244.2758
     -192.6480
     -142.5705
      -87.6734
      -35.2584
       15.3083
       67.5447
      119.5775
      167.4800
     -451.8204
     -401.1977
     -351.3815
     -299.9118
     -247.9247
     -193.9137
     -144.2078
      -88.0754
      -34.2100
       18.3297
       69.1614
      119.6031
      169.0667
     -505.2421
     -454.2606
     -403.6498
     -353.2628
     -302.4111
     -247.9876
     -196.0838
     -144.3484
      -88.3510
      -33.7037
       18.9068
       69.8035
      120.5715
      171.1270
      221.3778
     -505.6200
     -456.2724
     -405.6940
     -355.2146
     -303.2935
     -249.5149
     -196.7010
     -144.6818
      -88.6685
      -34.4281
       19.9969
       71.7264
      123.4188
      173.2898
      223.1918
     -508.1764
     -458.5213
     -407.3571
     -356.6005
     -305.5274
     -251.9028
     -127.5843
     -146.0684
      -88.3482
      -33.7883
       19.6198
       74.3443
      124.5242
      174.9858
      224.1750
     -508.8148
     -460.2506
     -410.1416
     -356.1843
     -306.4298
     -252.9661
     -200.1117
     -146.9048
      -89.0990
      -32.5974
       21.3175
       73.9351
      125.6636
      175.9596
      224.9048
     -509.8293
     -459.5125
     -409.2710
     -359.1532
     -307.0429
     -254.5868
     -200.3579
     -146.6650
      -88.7385
      -32.7780
       21.7216
       75.1625
      127.5917
      177.3002
      226.4255
     -458.0160
     -407.9283
     -200.4851
     -147.2674
      -88.9838
      124.5542
      176.8263];
  %%
Ym=[  870.4244
      869.9924
      869.1184
      867.5842
      866.7019
      821.5476
      823.6763
      824.0443
      823.4752
      824.1099
      823.3172
      822.4906
      821.4106
      819.3863
      773.9520
      775.1840
      775.6878
      775.7493
      776.5027
      777.1159
      776.8330
      775.6820
      774.7310
      773.4164
      771.7378
      724.7971
      725.9339
      726.6775
      728.0897
      728.8471
      729.7584
      730.0157
      729.1190
      728.8685
      727.0078
      725.8378
      724.5997
      722.6992
      674.6581
      677.2717
      676.5218
      678.3917
      678.9626
      679.6549
      680.3803
      681.4961
      679.6481
      678.2383
      676.4955
      676.5395
      674.4451
      624.9071
      626.9078
      627.7987
      629.7409
      631.8799
      632.4179
      633.1865
      632.6045
      632.6024
      631.9544
      629.3133
      626.5074
      624.9608
      575.0377
      576.5923
      577.3891
      581.5537
      581.8019
      584.4622
      583.2769
      584.4706
      583.3017
      582.2260
      579.9053
      577.8668
      576.0407
      523.1259
      525.2381
      526.8226
      528.8050
      531.4020
      533.6103
      534.3394
      535.7989
      535.2347
      535.0723
      533.5480
      532.4000
      530.8881
      528.7210
      524.5057
      472.1919
      473.7901
      476.5480
      477.4811
      481.2205
      483.2027
      485.2567
      486.1940
      486.6348
      485.5540
      484.1757
      482.5691
      479.7377
      477.5419
      475.2250
      420.6341
      422.5775
      424.1853
      426.5967
      430.1830
      431.6008
      104.5700
      436.2606
      436.7155
      435.7030
      436.4766
      433.0839
      430.6707
      428.4641
      425.7586
      366.8799
      369.0132
      371.8672
      374.5500
      377.1859
      378.7051
      382.0480
      384.4256
      386.7927
      386.5765
      384.8785
      382.9903
      379.9779
      378.1661
      374.8539
      314.1113
      315.0224
      316.6147
      321.1759
      325.5603
      327.9518
      331.8701
      335.3871
      336.7503
      336.7143
      333.7386
      331.0036
      327.4057
      325.3751
      323.7260
      257.2278
      261.1813
      279.2381
      283.7077
      286.5275
      272.2097
      270.5884];