Xc=[ -246.6827
     -196.8733
     -150.6056
      -99.9714
      -52.2486
     -348.2192
     -297.8496
     -250.1299
     -199.3504
     -151.2495
     -100.6632
      -52.3569
       -2.2957
       46.0995
     -398.8880
     -348.1983
     -300.0557
     -249.0029
     -199.5999
     -151.1054
      -99.8178
      -50.0996
       -1.3715
       46.3594
       96.5513
     -447.9072
     -398.5698
     -349.2772
     -299.0693
     -249.8629
     -200.3774
     -152.7143
      -99.5292
      -50.5757
       -1.2097
       48.3098
       96.9633
      146.5797
     -447.0401
     -397.5230
     -349.3666
     -300.1543
     -249.3573
     -200.1242
     -152.4503
     -100.5690
      -49.5697
       -2.1799
       47.9561
       97.5446
      145.8520
     -449.0208
     -399.0986
     -349.1108
     -299.6767
     -248.9170
     -199.6537
     -152.0276
      -99.8461
      -49.9472
       -1.5995
       48.6502
       99.1436
      146.1799
     -447.4245
     -397.9619
     -349.6579
     -300.3054
     -250.6807
     -199.5528
     -152.6127
      -99.7605
      -48.9451
        0.8369
       49.3256
       97.8832
      146.0323
     -497.6203
     -447.4304
     -398.0062
     -349.2668
     -300.5744
     -248.9445
     -200.0844
     -151.7068
      -99.4497
      -48.3984
        1.0057
       49.1876
       97.7344
      146.6331
      195.8053
     -495.7089
     -447.0715
     -397.6890
     -348.8039
     -299.2109
     -248.3884
     -199.0574
     -150.8512
      -99.1501
      -49.0055
        1.6295
       50.2344
       99.3573
      147.3627
      196.0327
     -496.2437
     -447.2189
     -397.0912
     -347.8965
     -299.0715
     -248.4817
     -129.2589
     -150.8904
      -98.2694
      -48.4220
        0.8198
       51.8889
       99.3824
      147.8086
      195.6437
     -495.2980
     -447.2335
     -397.9788
     -345.4413
     -297.6665
     -247.2154
     -198.4941
     -150.3205
      -98.4390
      -47.4862
        1.7736
       50.6471
       99.4716
      147.6836
      195.2139
     -495.4671
     -445.5535
     -395.9159
     -346.7792
     -296.3501
     -246.6100
     -196.7717
     -148.8337
      -97.7497
      -47.9886
        1.4398
       50.9757
      100.4855
      148.1660
      195.9056
     -444.2796
     -394.5995
     -194.7968
     -148.0274
      -97.8176
       97.2805
      147.4593];

Ym=[  852.2557
      851.9142
      851.4022
      850.5620
      850.7414
      799.5380
      801.3285
      801.5314
      801.0311
      802.1444
      802.0791
      802.2667
      802.5413
      802.0326
      749.5568
      750.0769
      750.0947
      749.8905
      750.7353
      751.7522
      752.1986
      752.0521
      752.4215
      752.6567
      752.8414
      699.1272
      699.3149
      699.2510
      700.0769
      700.4911
      701.3726
      701.9009
      701.6532
      702.4180
      701.8539
      702.3489
      703.0054
      703.2007
      647.5804
      649.1582
      647.4331
      648.5466
      648.5565
      649.0333
      649.9154
      651.6651
      650.7713
      650.6552
      650.6379
      652.7650
      652.8197
      597.2580
      598.0213
      597.7269
      598.6583
      600.0256
      600.1266
      600.8872
      600.7659
      601.7501
      602.4970
      601.6563
      601.0050
      601.7192
      547.4461
      547.5702
      546.9642
      549.8063
      548.9304
      550.8632
      549.3944
      550.9666
      550.7467
      551.1844
      550.7681
      550.9983
      551.6564
      497.8791
      498.4791
      498.4172
      498.6696
      499.5566
      500.1711
      499.7828
      500.7168
      500.3167
      501.1397
      501.2319
      502.1972
      503.1782
      503.7402
      502.3574
      448.6551
      448.7059
      449.5586
      448.4356
      449.9047
      449.7393
      450.1383
      450.1520
      450.5799
      450.4757
      450.9674
      451.7718
      451.7570
      452.5028
      453.2067
      399.7379
      400.0932
      399.6469
      399.5603
      400.3125
      398.8443
       81.3622
      399.5667
      399.7572
      399.8463
      402.7788
      402.3248
      402.9902
      404.0195
      404.4740
      349.6372
      350.3168
      351.0194
      350.6821
      349.9267
      347.5682
      347.3584
      347.3857
      349.1993
      350.4056
      351.4120
      352.8782
      353.4567
      355.1043
      355.0904
      301.4042
      301.2760
      300.9935
      302.3770
      302.3937
      299.7234
      298.3769
      298.3302
      298.8764
      300.8341
      301.4623
      302.8463
      303.3304
      304.8649
      306.4458
      250.1073
      252.4891
      248.1980
      247.0987
      248.9117
      251.9991
      253.9559];