%%%%%%%%%%%%%%%
% Real Postition of EE for given coordinates (without noise)
% L0=400-3 (mm)
% L1=300+6 (mm)
% L1=300+2 (mm)
% L2=550-5 (mm)
% L3=550+5 (mm)
% Dq1=-4 (deg)
% Dq2=-6 (deg)
%
% Xm=Xr+ 10*randn---> STD=10;
%%
Xm=[ -234.4545
     -191.0468
     -152.5434
     -108.1642
      -49.3159
     -342.9672
     -295.2201
     -244.1224
     -200.9060
     -135.6881
     -111.7729
      -40.0338
       15.0181
       47.3229
     -393.8793
     -339.0140
     -299.0265
     -240.8027
     -185.8977
     -149.6683
      -79.4519
      -26.1606
       15.4568
       60.2724
       98.0952
     -439.9610
     -407.0891
     -328.7503
     -287.8691
     -239.7871
     -195.2344
     -163.7583
      -98.9735
      -32.9051
       38.2166
       71.8936
      116.5588
      157.2474
     -445.2540
     -386.3755
     -349.2452
     -276.9865
     -255.4392
     -195.7431
     -141.7166
     -107.6494
      -29.3698
       14.8804
       66.5444
      124.2083
      175.3770
     -442.9351
     -404.6356
     -348.9919
     -293.7232
     -256.8438
     -203.0083
     -146.8401
      -86.8967
      -17.3491
       23.2809
       63.1197
      113.2866
      182.8180
     -424.4850
     -399.5233
     -356.1702
     -314.0383
     -238.1748
     -191.0165
     -132.5537
      -97.1625
      -31.8042
       11.7892
       81.9109
      114.0912
      168.1926
     -508.7203
     -444.3210
     -399.3654
     -363.3047
     -308.7380
     -258.4447
     -191.0267
     -141.0289
     -104.7051
      -52.7721
       18.5028
       76.7754
      122.2595
      155.6890
      205.8598
     -496.9492
     -457.7261
     -409.5564
     -342.0526
     -311.2581
     -248.1605
     -192.5229
     -136.4830
      -97.2120
      -30.8549
       47.4816
       56.5966
      127.7586
      170.9921
      214.9209
     -516.4962
     -453.5423
     -384.2008
     -364.5388
     -300.1178
     -257.4934
     -107.8186
     -140.6218
      -89.7273
      -27.5895
       19.5640
       85.4163
      122.6683
      163.7716
      226.6395
     -493.2044
     -472.2168
     -412.5651
     -346.1360
     -325.6311
     -246.7116
     -192.5821
     -144.7700
      -96.8013
      -32.6687
       22.2494
       83.2876
      132.2988
      172.4573
      241.1036
     -510.3376
     -467.6395
     -413.6552
     -350.5671
     -305.0907
     -245.6982
     -199.6657
     -121.7968
     -105.3949
      -36.9373
       20.8794
       76.0550
      142.1532
      179.4947
      225.2767
     -457.3300
     -400.4134
     -207.3794
     -142.7593
     -104.6340
      123.7662
      167.4084];
  %%
Ym=[  883.6417
      865.8216
      885.1307
      869.4679
      864.4839
      818.6049
      822.8209
      838.0347
      828.9449
      823.5171
      829.9143
      820.1657
      811.7963
      841.0004
      756.6645
      758.4027
      783.8120
      782.1658
      786.3918
      764.9925
      786.1041
      764.5773
      787.2507
      775.3028
      770.2856
      729.6196
      751.3461
      718.7115
      718.3179
      725.2685
      725.5125
      734.1316
      735.8198
      738.4759
      722.1720
      734.3697
      714.1643
      713.7734
      667.1001
      665.1862
      676.3691
      693.2035
      683.2537
      679.3041
      692.1758
      677.7331
      679.6306
      651.3211
      687.8572
      664.0070
      676.4935
      623.9132
      621.8098
      629.9193
      627.1690
      626.4981
      627.5575
      637.6637
      633.7456
      623.4188
      633.1373
      637.8632
      636.9809
      628.0001
      589.8684
      573.5223
      581.6888
      578.5273
      571.8592
      577.7626
      608.0625
      566.3641
      583.1464
      585.9548
      593.0518
      573.2572
      590.5242
      530.0649
      519.2676
      519.5229
      532.7063
      518.6788
      523.6110
      524.7113
      534.0486
      538.4693
      532.1798
      533.9376
      545.2961
      526.7335
      532.8390
      524.9826
      461.6441
      500.4028
      472.5845
      470.5272
      478.4491
      481.9470
      501.3816
      484.9387
      495.7952
      502.8628
      497.4217
      482.8288
      485.0176
      476.9506
      465.3924
      420.0115
      440.5919
      429.5335
      412.8757
      422.5895
      409.7307
      127.3360
      441.7085
      439.0971
      420.1110
      419.6324
      429.3606
      439.8356
      443.0408
      432.9442
      358.9895
      379.4919
      369.4964
      366.2462
      377.3976
      373.0243
      365.4242
      393.6617
      386.3284
      375.9672
      371.9607
      378.5721
      362.6644
      360.5126
      371.1880
      313.9911
      310.9021
      313.1680
      337.7304
      331.1346
      334.3448
      333.2047
      349.8200
      329.5823
      343.2107
      327.2952
      335.5818
      321.1399
      337.6955
      333.7278
      244.1920
      272.9385
      267.4391
      266.3680
      289.2554
      284.9756
      270.1467];