%%%%%%%%%%%%%%%
% Real Postition of EE for given coordinates (without noise)
% L0=400-3 (mm)
% L1=300+6 (mm)
% L1=300+2 (mm)
% L2=550-5 (mm)
% L3=550+5 (mm)
% Dq1=-4 (deg)
% Dq2=-6 (deg)
%
% Xm=Xr+ 5*randn---> var=5;
%%
Xm=[   -236.9989
     -185.5099
     -141.1125
      -99.8339
      -48.6353
     -344.3467
     -296.4069
     -239.5300
     -194.1668
     -138.5308
      -93.9498
      -31.2287
       12.0363
       63.0554
     -387.8714
     -345.9794
     -293.6885
     -240.7815
     -190.6860
     -140.0843
      -89.8898
      -30.2371
       16.2261
       63.5292
      110.2804
     -441.2325
     -398.9699
     -346.4735
     -283.8161
     -247.8289
     -189.0576
     -145.6713
      -88.2279
      -34.3510
        3.0290
       65.3283
      114.1103
      163.2801
     -445.7155
     -390.7582
     -344.7847
     -303.3754
     -240.3384
     -193.2582
     -145.9048
      -86.2025
      -31.3541
       24.8105
       67.3054
      119.4272
      168.9917
     -450.1088
     -401.4442
     -349.9081
     -296.7152
     -250.3172
     -197.2818
     -142.5249
      -89.3933
      -35.4728
       19.5404
       63.5689
      119.6595
      165.8384
     -453.7794
     -396.5863
     -349.9145
     -306.3479
     -255.9454
     -192.4608
     -141.5889
      -92.8099
      -32.9568
       14.4270
       66.2564
      118.4917
      166.0775
     -501.2341
     -446.2901
     -412.3009
     -344.8852
     -309.1561
     -245.1273
     -189.2297
     -139.6316
      -81.4956
      -30.2831
       19.8034
       79.6296
      126.0268
      167.5124
      223.2369
     -505.3539
     -454.0300
     -413.4110
     -355.6226
     -302.0085
     -257.8429
     -187.0996
     -145.8675
      -80.1192
      -39.0968
       20.9310
       71.3824
      125.5824
      173.4324
      222.0461
     -512.1505
     -457.9665
     -410.7345
     -354.9301
     -306.8516
     -248.9127
     -125.2848
     -141.6561
      -92.6439
      -31.7804
       19.5410
       74.5993
      130.1342
      180.0369
      224.7165
     -500.5752
     -472.5544
     -403.2638
     -356.0686
     -306.9880
     -257.3500
     -199.2875
     -147.3237
      -95.2097
      -24.8863
       22.2345
       66.2826
      129.1432
      173.0811
      227.4632
     -518.0150
     -449.5902
     -416.7939
     -353.6898
     -303.8893
     -249.5099
     -202.8582
     -143.0342
      -86.1102
      -35.4118
       25.9898
       84.5429
      122.8827
      185.0011
      222.8371
     -468.1971
     -416.6184
     -198.9130
     -151.2315
      -89.2288
      129.6292
      179.8099];
  %%
Ym=[  867.5348
      868.6230
      865.9711
      864.0220
      858.3767
      829.5276
      823.7290
      833.8262
      826.8746
      824.8443
      827.3558
      819.6495
      823.5886
      815.4181
      772.5568
      773.8900
      778.2200
      775.0531
      781.1401
      788.1159
      787.3830
      776.6133
      777.3827
      781.7685
      768.0048
      718.3753
      723.6789
      722.8588
      739.4965
      731.4335
      725.9997
      725.0038
      733.0632
      730.8070
      723.9487
      728.4933
      720.4399
      724.6774
      675.3310
      683.3200
      683.4209
      678.6825
      677.7681
      679.3161
      677.3452
      688.0719
      678.6861
      678.5537
      672.8237
      675.2499
      678.7878
      625.6990
      628.4934
      628.6126
      626.9333
      630.3830
      636.3458
      639.3382
      633.5792
      633.5891
      633.2701
      623.2640
      622.8877
      630.3050
      585.8968
      578.1762
      581.5916
      575.0192
      578.8545
      583.1722
      586.0397
      586.2089
      579.0750
      579.2420
      575.8872
      574.3448
      578.5289
      522.6717
      525.7184
      533.1731
      528.5891
      521.7443
      539.8829
      529.7934
      537.5660
      536.8919
      543.7723
      533.4312
      538.0860
      532.7341
      517.6869
      526.0529
      471.3967
      467.5977
      474.0055
      484.8830
      482.4305
      479.0170
      485.7504
      486.8522
      473.3258
      491.0344
      485.5079
      489.6152
      485.7002
      480.7185
      469.8945
      423.2247
      418.3293
      425.9948
      424.3692
      430.6228
      434.3269
      101.1698
      428.4618
      445.6575
      435.8506
      441.2262
      441.1285
      421.9814
      434.7690
      434.2848
      365.5715
      368.5109
      372.3021
      377.5977
      378.7456
      379.1293
      381.2383
      386.9921
      385.7859
      390.2174
      386.3208
      382.9654
      382.3474
      381.4927
      369.4779
      315.1247
      317.0229
      321.6346
      324.9120
      321.0717
      325.1605
      325.7471
      335.3172
      328.5932
      334.2779
      333.9820
      339.3018
      334.7848
      326.8929
      323.0939
      260.9246
      260.2470
      282.2054
      279.0145
      280.9442
      270.5650
      277.4216];