Xreal=[-3,6,2,-5,5,-4,-6];
Xa          =[-2.9829    6.0189    2.0152   -4.9700    5.0233   -3.9978   -6.0020];
Xa_noise_1  =[-2.8561    6.2032    2.2080   -4.5412    4.9617   -3.9556   -5.9932];
Xa_noise_2  =[-2.4636    6.4553    1.5940   -3.8851    4.6412   -3.8984   -5.9345];
Xa_noise_5  =[-2.8392    6.5094    2.2746   -5.7304    5.1347   -4.2614   -5.9690];
Xa_noise_10 =[-2.8516    6.5357    5.3886   -2.8187   13.4302   -3.7071   -7.2655];


Xbreal      =[+5 -3 -4  10 8 -2  1];
Xb          =[4.9397   -2.9968   -4.0028    9.7520    8.2335   -2.0335    0.9625]
Xb_noise_1  =[4.8323   -2.8744   -3.7493   11.3814    7.9006   -1.7641    1.0189];
Xb_noise_2  =[4.4308   -3.4583   -4.0055    9.5796    7.1466   -1.9681    1.121];
Xb_noise_5  =[ 4.8021   -3.2002   -5.1883    3.0550    6.8668   -3.1341    1.260];
Xb_noise_10 =[13.4776   -2.0288   -3.9150   13.2357    9.5794   -2.5039    0.8410];










% Real
% main limit
x1 =[ -11.3075    2.9901   -5.2528   15.0000    1.9435    4.1393   -7.5000]
% 2 limit
x2 =[0.4724    7.9052    2.7860   30.0000   30.0000    4.8529  -11.9043]
% Upper=[10 10 10 10 10 10 10]';
x3 =[-8.6375    1.3249   -4.7070   10.0000   10.0000    3.0372   -9.0300]
%Upper=[10 10 10 10 10 10 10]'*3;
x4 =[0.4753    7.9041    2.7863   30.0000   30.0000    4.8526  -11.9043]
% Upper=[10 10 10 10 10 10 10]'1  +  removing data 114
x=[4.4879    2.1247    1.1852    8.7946   -1.5202    1.0727   -6.8509]